Wert:10: 5 6 7 8 9
Wert:34: 5 6 7 8 9
Wert:85: 5 6 7 8 9
Wert:189: 5 6 7 8 9
Wert:398: 5 6 7 8 9
Wert:806: 5 6 7 8 9
Wert:1626: 5 6 7 8 9
Wert:3269: 5 6 7 8 9
Wert:6557: 5 6 7 8 9
Wert:13134: 5 6 7 8 9
Wert:10: 5 6 7 9 8
Wert:34: 5 6 7 9 8
Wert:85: 5 6 7 9 8
Wert:190: 5 6 7 9 8
Wert:396: 5 6 7 9 8
Wert:802: 5 6 7 9 8
Wert:1618: 5 6 7 9 8
Wert:3253: 5 6 7 9 8
Wert:6526: 5 6 7 9 8
Wert:13068: 5 6 7 9 8
Wert:10: 5 6 8 7 9
Wert:34: 5 6 8 7 9
Wert:86: 5 6 8 7 9
Wert:187: 5 6 8 7 9
Wert:394: 5 6 8 7 9
Wert:798: 5 6 8 7 9
Wert:1610: 5 6 8 7 9
Wert:3238: 5 6 8 7 9
Wert:6491: 5 6 8 7 9
Wert:13002: 5 6 8 7 9
Wert:10: 5 6 8 9 7
Wert:34: 5 6 8 9 7
Wert:88: 5 6 8 9 7
Wert:191: 5 6 8 9 7
Wert:399: 5 6 8 9 7
Wert:808: 5 6 8 9 7
Wert:1630: 5 6 8 9 7
Wert:3280: 5 6 8 9 7
Wert:6575: 5 6 8 9 7
Wert:13167: 5 6 8 9 7
Wert:10: 5 6 9 7 8
Wert:34: 5 6 9 7 8
Wert:87: 5 6 9 7 8
Wert:194: 5 6 9 7 8
Wert:401: 5 6 9 7 8
Wert:812: 5 6 9 7 8
Wert:1638: 5 6 9 7 8
Wert:3295: 5 6 9 7 8
Wert:6610: 5 6 9 7 8
Wert:13233: 5 6 9 7 8
Wert:10: 5 6 9 8 7
Wert:34: 5 6 9 8 7
Wert:88: 5 6 9 8 7
Wert:192: 5 6 9 8 7
Wert:397: 5 6 9 8 7
Wert:804: 5 6 9 8 7
Wert:1622: 5 6 9 8 7
Wert:3264: 5 6 9 8 7
Wert:6544: 5 6 9 8 7
Wert:13101: 5 6 9 8 7
Wert:10: 5 7 6 8 9
Wert:35: 5 7 6 8 9
Wert:83: 5 7 6 8 9
Wert:185: 5 7 6 8 9
Wert:390: 5 7 6 8 9
Wert:790: 5 7 6 8 9
Wert:1595: 5 7 6 8 9
Wert:3203: 5 7 6 8 9
Wert:6425: 5 7 6 8 9
Wert:12870: 5 7 6 8 9
Wert:10: 5 7 6 9 8
Wert:35: 5 7 6 9 8
Wert:83: 5 7 6 9 8
Wert:186: 5 7 6 9 8
Wert:388: 5 7 6 9 8
Wert:786: 5 7 6 9 8
Wert:1587: 5 7 6 9 8
Wert:3187: 5 7 6 9 8
Wert:6394: 5 7 6 9 8
Wert:12804: 5 7 6 9 8
Wert:10: 5 7 8 6 9
Wert:37: 5 7 8 6 9
Wert:87: 5 7 8 6 9
Wert:190: 5 7 8 6 9
Wert:400: 5 7 8 6 9
Wert:810: 5 7 8 6 9
Wert:1637: 5 7 8 6 9
Wert:3287: 5 7 8 6 9
Wert:6590: 5 7 8 6 9
Wert:13200: 5 7 8 6 9
Wert:10: 5 7 8 9 6
Wert:40: 5 7 8 9 6
Wert:93: 5 7 8 9 6
Wert:202: 5 7 8 9 6
Wert:422: 5 7 8 9 6
Wert:854: 5 7 8 9 6
Wert:1728: 5 7 8 9 6
Wert:3469: 5 7 8 9 6
Wert:6954: 5 7 8 9 6
Wert:13926: 5 7 8 9 6
Wert:10: 5 7 9 6 8
Wert:38: 5 7 9 6 8
Wert:89: 5 7 9 6 8
Wert:198: 5 7 9 6 8
Wert:410: 5 7 9 6 8
Wert:830: 5 7 9 6 8
Wert:1678: 5 7 9 6 8
Wert:3369: 5 7 9 6 8
Wert:6758: 5 7 9 6 8
Wert:13530: 5 7 9 6 8
Wert:10: 5 7 9 8 6
Wert:40: 5 7 9 8 6
Wert:93: 5 7 9 8 6
Wert:203: 5 7 9 8 6
Wert:420: 5 7 9 8 6
Wert:850: 5 7 9 8 6
Wert:1720: 5 7 9 8 6
Wert:3453: 5 7 9 8 6
Wert:6923: 5 7 9 8 6
Wert:13860: 5 7 9 8 6
Wert:10: 5 8 6 7 9
Wert:36: 5 8 6 7 9
Wert:90: 5 8 6 7 9
Wert:192: 5 8 6 7 9
Wert:404: 5 8 6 7 9
Wert:818: 5 8 6 7 9
Wert:1652: 5 8 6 7 9
Wert:3322: 5 8 6 7 9
Wert:6656: 5 8 6 7 9
Wert:13332: 5 8 6 7 9
Wert:10: 5 8 6 9 7
Wert:36: 5 8 6 9 7
Wert:92: 5 8 6 9 7
Wert:196: 5 8 6 9 7
Wert:409: 5 8 6 9 7
Wert:828: 5 8 6 9 7
Wert:1672: 5 8 6 9 7
Wert:3364: 5 8 6 9 7
Wert:6740: 5 8 6 9 7
Wert:13497: 5 8 6 9 7
Wert:10: 5 8 7 6 9
Wert:37: 5 8 7 6 9
Wert:88: 5 8 7 6 9
Wert:188: 5 8 7 6 9
Wert:396: 5 8 7 6 9
Wert:802: 5 8 7 6 9
Wert:1621: 5 8 7 6 9
Wert:3256: 5 8 7 6 9
Wert:6524: 5 8 7 6 9
Wert:13068: 5 8 7 6 9
Wert:10: 5 8 7 9 6
Wert:40: 5 8 7 9 6
Wert:94: 5 8 7 9 6
Wert:200: 5 8 7 9 6
Wert:418: 5 8 7 9 6
Wert:846: 5 8 7 9 6
Wert:1712: 5 8 7 9 6
Wert:3438: 5 8 7 9 6
Wert:6888: 5 8 7 9 6
Wert:13794: 5 8 7 9 6
Wert:10: 5 8 9 6 7
Wert:39: 5 8 9 6 7
Wert:98: 5 8 9 6 7
Wert:208: 5 8 9 6 7
Wert:431: 5 8 9 6 7
Wert:872: 5 8 9 6 7
Wert:1763: 5 8 9 6 7
Wert:3546: 5 8 9 6 7
Wert:7104: 5 8 9 6 7
Wert:14223: 5 8 9 6 7
Wert:10: 5 8 9 7 6
Wert:40: 5 8 9 7 6
Wert:96: 5 8 9 7 6
Wert:204: 5 8 9 7 6
Wert:423: 5 8 9 7 6
Wert:856: 5 8 9 7 6
Wert:1732: 5 8 9 7 6
Wert:3480: 5 8 9 7 6
Wert:6972: 5 8 9 7 6
Wert:13959: 5 8 9 7 6
Wert:10: 5 9 6 7 8
Wert:37: 5 9 6 7 8
Wert:93: 5 9 6 7 8
Wert:206: 5 9 6 7 8
Wert:423: 5 9 6 7 8
Wert:856: 5 9 6 7 8
Wert:1729: 5 9 6 7 8
Wert:3477: 5 9 6 7 8
Wert:6974: 5 9 6 7 8
Wert:13959: 5 9 6 7 8
Wert:10: 5 9 6 8 7
Wert:37: 5 9 6 8 7
Wert:94: 5 9 6 8 7
Wert:204: 5 9 6 8 7
Wert:419: 5 9 6 8 7
Wert:848: 5 9 6 8 7
Wert:1713: 5 9 6 8 7
Wert:3446: 5 9 6 8 7
Wert:6908: 5 9 6 8 7
Wert:13827: 5 9 6 8 7
Wert:10: 5 9 7 6 8
Wert:38: 5 9 7 6 8
Wert:91: 5 9 7 6 8
Wert:202: 5 9 7 6 8
Wert:415: 5 9 7 6 8
Wert:840: 5 9 7 6 8
Wert:1698: 5 9 7 6 8
Wert:3411: 5 9 7 6 8
Wert:6842: 5 9 7 6 8
Wert:13695: 5 9 7 6 8
Wert:10: 5 9 7 8 6
Wert:40: 5 9 7 8 6
Wert:95: 5 9 7 8 6
Wert:207: 5 9 7 8 6
Wert:425: 5 9 7 8 6
Wert:860: 5 9 7 8 6
Wert:1740: 5 9 7 8 6
Wert:3495: 5 9 7 8 6
Wert:7007: 5 9 7 8 6
Wert:14025: 5 9 7 8 6
Wert:10: 5 9 8 6 7
Wert:39: 5 9 8 6 7
Wert:98: 5 9 8 6 7
Wert:209: 5 9 8 6 7
Wert:429: 5 9 8 6 7
Wert:868: 5 9 8 6 7
Wert:1755: 5 9 8 6 7
Wert:3530: 5 9 8 6 7
Wert:7073: 5 9 8 6 7
Wert:14157: 5 9 8 6 7
Wert:10: 5 9 8 7 6
Wert:40: 5 9 8 7 6
Wert:96: 5 9 8 7 6
Wert:205: 5 9 8 7 6
Wert:421: 5 9 8 7 6
Wert:852: 5 9 8 7 6
Wert:1724: 5 9 8 7 6
Wert:3464: 5 9 8 7 6
Wert:6941: 5 9 8 7 6
Wert:13893: 5 9 8 7 6
Wert:11: 6 5 7 8 9
Wert:32: 6 5 7 8 9
Wert:81: 6 5 7 8 9
Wert:181: 6 5 7 8 9
Wert:382: 6 5 7 8 9
Wert:775: 6 5 7 8 9
Wert:1560: 6 5 7 8 9
Wert:3137: 6 5 7 8 9
Wert:6293: 6 5 7 8 9
Wert:12606: 6 5 7 8 9
Wert:11: 6 5 7 9 8
Wert:32: 6 5 7 9 8
Wert:81: 6 5 7 9 8
Wert:182: 6 5 7 9 8
Wert:380: 6 5 7 9 8
Wert:771: 6 5 7 9 8
Wert:1552: 6 5 7 9 8
Wert:3121: 6 5 7 9 8
Wert:6262: 6 5 7 9 8
Wert:12540: 6 5 7 9 8
Wert:11: 6 5 8 7 9
Wert:32: 6 5 8 7 9
Wert:82: 6 5 8 7 9
Wert:179: 6 5 8 7 9
Wert:378: 6 5 8 7 9
Wert:767: 6 5 8 7 9
Wert:1544: 6 5 8 7 9
Wert:3106: 6 5 8 7 9
Wert:6227: 6 5 8 7 9
Wert:12474: 6 5 8 7 9
Wert:11: 6 5 8 9 7
Wert:32: 6 5 8 9 7
Wert:84: 6 5 8 9 7
Wert:183: 6 5 8 9 7
Wert:383: 6 5 8 9 7
Wert:777: 6 5 8 9 7
Wert:1564: 6 5 8 9 7
Wert:3148: 6 5 8 9 7
Wert:6311: 6 5 8 9 7
Wert:12639: 6 5 8 9 7
Wert:11: 6 5 9 7 8
Wert:32: 6 5 9 7 8
Wert:83: 6 5 9 7 8
Wert:186: 6 5 9 7 8
Wert:385: 6 5 9 7 8
Wert:781: 6 5 9 7 8
Wert:1572: 6 5 9 7 8
Wert:3163: 6 5 9 7 8
Wert:6346: 6 5 9 7 8
Wert:12705: 6 5 9 7 8
Wert:11: 6 5 9 8 7
Wert:32: 6 5 9 8 7
Wert:84: 6 5 9 8 7
Wert:184: 6 5 9 8 7
Wert:381: 6 5 9 8 7
Wert:773: 6 5 9 8 7
Wert:1556: 6 5 9 8 7
Wert:3132: 6 5 9 8 7
Wert:6280: 6 5 9 8 7
Wert:12573: 6 5 9 8 7
Wert:13: 6 7 5 8 9
Wert:36: 6 7 5 8 9
Wert:86: 6 7 5 8 9
Wert:191: 6 7 5 8 9
Wert:402: 6 7 5 8 9
Wert:817: 6 7 5 8 9
Wert:1644: 6 7 5 8 9
Wert:3302: 6 7 5 8 9
Wert:6623: 6 7 5 8 9
Wert:13266: 6 7 5 8 9
Wert:13: 6 7 5 9 8
Wert:36: 6 7 5 9 8
Wert:86: 6 7 5 9 8
Wert:192: 6 7 5 9 8
Wert:400: 6 7 5 9 8
Wert:813: 6 7 5 9 8
Wert:1636: 6 7 5 9 8
Wert:3286: 6 7 5 9 8
Wert:6592: 6 7 5 9 8
Wert:13200: 6 7 5 9 8
Wert:16: 6 7 8 5 9
Wert:42: 6 7 8 5 9
Wert:98: 6 7 8 5 9
Wert:213: 6 7 8 5 9
Wert:446: 6 7 8 5 9
Wert:908: 6 7 8 5 9
Wert:1826: 6 7 8 5 9
Wert:3666: 6 7 8 5 9
Wert:7349: 6 7 8 5 9
Wert:14718: 6 7 8 5 9
Wert:20: 6 7 8 9 5
Wert:50: 6 7 8 9 5
Wert:114: 6 7 8 9 5
Wert:245: 6 7 8 9 5
Wert:509: 6 7 8 9 5
Wert:1038: 6 7 8 9 5
Wert:2086: 6 7 8 9 5
Wert:4186: 6 7 8 9 5
Wert:8389: 6 7 8 9 5
Wert:16797: 6 7 8 9 5
Wert:17: 6 7 9 5 8
Wert:44: 6 7 9 5 8
Wert:102: 6 7 9 5 8
Wert:224: 6 7 9 5 8
Wert:463: 6 7 9 5 8
Wert:943: 6 7 9 5 8
Wert:1896: 6 7 9 5 8
Wert:3806: 6 7 9 5 8
Wert:7632: 6 7 9 5 8
Wert:15279: 6 7 9 5 8
Wert:20: 6 7 9 8 5
Wert:50: 6 7 9 8 5
Wert:114: 6 7 9 8 5
Wert:246: 6 7 9 8 5
Wert:507: 6 7 9 8 5
Wert:1034: 6 7 9 8 5
Wert:2078: 6 7 9 8 5
Wert:4170: 6 7 9 8 5
Wert:8358: 6 7 9 8 5
Wert:16731: 6 7 9 8 5
Wert:14: 6 8 5 7 9
Wert:38: 6 8 5 7 9
Wert:94: 6 8 5 7 9
Wert:201: 6 8 5 7 9
Wert:422: 6 8 5 7 9
Wert:858: 6 8 5 7 9
Wert:1726: 6 8 5 7 9
Wert:3470: 6 8 5 7 9
Wert:6953: 6 8 5 7 9
Wert:13926: 6 8 5 7 9
Wert:14: 6 8 5 9 7
Wert:38: 6 8 5 9 7
Wert:96: 6 8 5 9 7
Wert:205: 6 8 5 9 7
Wert:427: 6 8 5 9 7
Wert:868: 6 8 5 9 7
Wert:1746: 6 8 5 9 7
Wert:3512: 6 8 5 9 7
Wert:7037: 6 8 5 9 7
Wert:14091: 6 8 5 9 7
Wert:16: 6 8 7 5 9
Wert:42: 6 8 7 5 9
Wert:99: 6 8 7 5 9
Wert:211: 6 8 7 5 9
Wert:442: 6 8 7 5 9
Wert:900: 6 8 7 5 9
Wert:1810: 6 8 7 5 9
Wert:3635: 6 8 7 5 9
Wert:7283: 6 8 7 5 9
Wert:14586: 6 8 7 5 9
Wert:20: 6 8 7 9 5
Wert:50: 6 8 7 9 5
Wert:115: 6 8 7 9 5
Wert:243: 6 8 7 9 5
Wert:505: 6 8 7 9 5
Wert:1030: 6 8 7 9 5
Wert:2070: 6 8 7 9 5
Wert:4155: 6 8 7 9 5
Wert:8323: 6 8 7 9 5
Wert:16665: 6 8 7 9 5
Wert:18: 6 8 9 5 7
Wert:46: 6 8 9 5 7
Wert:112: 6 8 9 5 7
Wert:237: 6 8 9 5 7
Wert:490: 6 8 9 5 7
Wert:998: 6 8 9 5 7
Wert:2006: 6 8 9 5 7
Wert:4032: 6 8 9 5 7
Wert:8077: 6 8 9 5 7
Wert:16170: 6 8 9 5 7
Wert:20: 6 8 9 7 5
Wert:50: 6 8 9 7 5
Wert:117: 6 8 9 7 5
Wert:247: 6 8 9 7 5
Wert:510: 6 8 9 7 5
Wert:1040: 6 8 9 7 5
Wert:2090: 6 8 9 7 5
Wert:4197: 6 8 9 7 5
Wert:8407: 6 8 9 7 5
Wert:16830: 6 8 9 7 5
Wert:15: 6 9 5 7 8
Wert:40: 6 9 5 7 8
Wert:99: 6 9 5 7 8
Wert:218: 6 9 5 7 8
Wert:448: 6 9 5 7 8
Wert:911: 6 9 5 7 8
Wert:1832: 6 9 5 7 8
Wert:3683: 6 9 5 7 8
Wert:7386: 6 9 5 7 8
Wert:14784: 6 9 5 7 8
Wert:15: 6 9 5 8 7
Wert:40: 6 9 5 8 7
Wert:100: 6 9 5 8 7
Wert:216: 6 9 5 8 7
Wert:444: 6 9 5 8 7
Wert:903: 6 9 5 8 7
Wert:1816: 6 9 5 8 7
Wert:3652: 6 9 5 8 7
Wert:7320: 6 9 5 8 7
Wert:14652: 6 9 5 8 7
Wert:17: 6 9 7 5 8
Wert:44: 6 9 7 5 8
Wert:104: 6 9 7 5 8
Wert:228: 6 9 7 5 8
Wert:468: 6 9 7 5 8
Wert:953: 6 9 7 5 8
Wert:1916: 6 9 7 5 8
Wert:3848: 6 9 7 5 8
Wert:7716: 6 9 7 5 8
Wert:15444: 6 9 7 5 8
Wert:20: 6 9 7 8 5
Wert:50: 6 9 7 8 5
Wert:116: 6 9 7 8 5
Wert:250: 6 9 7 8 5
Wert:512: 6 9 7 8 5
Wert:1044: 6 9 7 8 5
Wert:2098: 6 9 7 8 5
Wert:4212: 6 9 7 8 5
Wert:8442: 6 9 7 8 5
Wert:16896: 6 9 7 8 5
Wert:18: 6 9 8 5 7
Wert:46: 6 9 8 5 7
Wert:112: 6 9 8 5 7
Wert:238: 6 9 8 5 7
Wert:488: 6 9 8 5 7
Wert:994: 6 9 8 5 7
Wert:1998: 6 9 8 5 7
Wert:4016: 6 9 8 5 7
Wert:8046: 6 9 8 5 7
Wert:16104: 6 9 8 5 7
Wert:20: 6 9 8 7 5
Wert:50: 6 9 8 7 5
Wert:117: 6 9 8 7 5
Wert:248: 6 9 8 7 5
Wert:508: 6 9 8 7 5
Wert:1036: 6 9 8 7 5
Wert:2082: 6 9 8 7 5
Wert:4181: 6 9 8 7 5
Wert:8376: 6 9 8 7 5
Wert:16764: 6 9 8 7 5
Wert:12: 7 5 6 8 9
Wert:39: 7 5 6 8 9
Wert:88: 7 5 6 8 9
Wert:195: 7 5 6 8 9
Wert:410: 7 5 6 8 9
Wert:832: 7 5 6 8 9
Wert:1679: 7 5 6 8 9
Wert:3368: 7 5 6 8 9
Wert:6755: 7 5 6 8 9
Wert:13530: 7 5 6 8 9
Wert:12: 7 5 6 9 8
Wert:39: 7 5 6 9 8
Wert:88: 7 5 6 9 8
Wert:196: 7 5 6 9 8
Wert:408: 7 5 6 9 8
Wert:828: 7 5 6 9 8
Wert:1671: 7 5 6 9 8
Wert:3352: 7 5 6 9 8
Wert:6724: 7 5 6 9 8
Wert:13464: 7 5 6 9 8
Wert:12: 7 5 8 6 9
Wert:41: 7 5 8 6 9
Wert:92: 7 5 8 6 9
Wert:200: 7 5 8 6 9
Wert:420: 7 5 8 6 9
Wert:852: 7 5 8 6 9
Wert:1721: 7 5 8 6 9
Wert:3452: 7 5 8 6 9
Wert:6920: 7 5 8 6 9
Wert:13860: 7 5 8 6 9
Wert:12: 7 5 8 9 6
Wert:44: 7 5 8 9 6
Wert:98: 7 5 8 9 6
Wert:212: 7 5 8 9 6
Wert:442: 7 5 8 9 6
Wert:896: 7 5 8 9 6
Wert:1812: 7 5 8 9 6
Wert:3634: 7 5 8 9 6
Wert:7284: 7 5 8 9 6
Wert:14586: 7 5 8 9 6
Wert:12: 7 5 9 6 8
Wert:42: 7 5 9 6 8
Wert:94: 7 5 9 6 8
Wert:208: 7 5 9 6 8
Wert:430: 7 5 9 6 8
Wert:872: 7 5 9 6 8
Wert:1762: 7 5 9 6 8
Wert:3534: 7 5 9 6 8
Wert:7088: 7 5 9 6 8
Wert:14190: 7 5 9 6 8
Wert:12: 7 5 9 8 6
Wert:44: 7 5 9 8 6
Wert:98: 7 5 9 8 6
Wert:213: 7 5 9 8 6
Wert:440: 7 5 9 8 6
Wert:892: 7 5 9 8 6
Wert:1804: 7 5 9 8 6
Wert:3618: 7 5 9 8 6
Wert:7253: 7 5 9 8 6
Wert:14520: 7 5 9 8 6
Wert:13: 7 6 5 8 9
Wert:37: 7 6 5 8 9
Wert:84: 7 6 5 8 9
Wert:187: 7 6 5 8 9
Wert:394: 7 6 5 8 9
Wert:801: 7 6 5 8 9
Wert:1613: 7 6 5 8 9
Wert:3236: 7 6 5 8 9
Wert:6491: 7 6 5 8 9
Wert:13002: 7 6 5 8 9
Wert:13: 7 6 5 9 8
Wert:37: 7 6 5 9 8
Wert:84: 7 6 5 9 8
Wert:188: 7 6 5 9 8
Wert:392: 7 6 5 9 8
Wert:797: 7 6 5 9 8
Wert:1605: 7 6 5 9 8
Wert:3220: 7 6 5 9 8
Wert:6460: 7 6 5 9 8
Wert:12936: 7 6 5 9 8
Wert:16: 7 6 8 5 9
Wert:43: 7 6 8 5 9
Wert:96: 7 6 8 5 9
Wert:209: 7 6 8 5 9
Wert:438: 7 6 8 5 9
Wert:892: 7 6 8 5 9
Wert:1795: 7 6 8 5 9
Wert:3600: 7 6 8 5 9
Wert:7217: 7 6 8 5 9
Wert:14454: 7 6 8 5 9
Wert:20: 7 6 8 9 5
Wert:51: 7 6 8 9 5
Wert:112: 7 6 8 9 5
Wert:241: 7 6 8 9 5
Wert:501: 7 6 8 9 5
Wert:1022: 7 6 8 9 5
Wert:2055: 7 6 8 9 5
Wert:4120: 7 6 8 9 5
Wert:8257: 7 6 8 9 5
Wert:16533: 7 6 8 9 5
Wert:17: 7 6 9 5 8
Wert:45: 7 6 9 5 8
Wert:100: 7 6 9 5 8
Wert:220: 7 6 9 5 8
Wert:455: 7 6 9 5 8
Wert:927: 7 6 9 5 8
Wert:1865: 7 6 9 5 8
Wert:3740: 7 6 9 5 8
Wert:7500: 7 6 9 5 8
Wert:15015: 7 6 9 5 8
Wert:20: 7 6 9 8 5
Wert:51: 7 6 9 8 5
Wert:112: 7 6 9 8 5
Wert:242: 7 6 9 8 5
Wert:499: 7 6 9 8 5
Wert:1018: 7 6 9 8 5
Wert:2047: 7 6 9 8 5
Wert:4104: 7 6 9 8 5
Wert:8226: 7 6 9 8 5
Wert:16467: 7 6 9 8 5
Wert:15: 7 8 5 6 9
Wert:47: 7 8 5 6 9
Wert:104: 7 8 5 6 9
Wert:222: 7 8 5 6 9
Wert:464: 7 8 5 6 9
Wert:943: 7 8 5 6 9
Wert:1903: 7 8 5 6 9
Wert:3816: 7 8 5 6 9
Wert:7646: 7 8 5 6 9
Wert:15312: 7 8 5 6 9
Wert:15: 7 8 5 9 6
Wert:50: 7 8 5 9 6
Wert:110: 7 8 5 9 6
Wert:234: 7 8 5 9 6
Wert:486: 7 8 5 9 6
Wert:987: 7 8 5 9 6
Wert:1994: 7 8 5 9 6
Wert:3998: 7 8 5 9 6
Wert:8010: 7 8 5 9 6
Wert:16038: 7 8 5 9 6
Wert:16: 7 8 6 5 9
Wert:45: 7 8 6 5 9
Wert:100: 7 8 6 5 9
Wert:214: 7 8 6 5 9
Wert:448: 7 8 6 5 9
Wert:912: 7 8 6 5 9
Wert:1837: 7 8 6 5 9
Wert:3684: 7 8 6 5 9
Wert:7382: 7 8 6 5 9
Wert:14784: 7 8 6 5 9
Wert:20: 7 8 6 9 5
Wert:53: 7 8 6 9 5
Wert:116: 7 8 6 9 5
Wert:246: 7 8 6 9 5
Wert:511: 7 8 6 9 5
Wert:1042: 7 8 6 9 5
Wert:2097: 7 8 6 9 5
Wert:4204: 7 8 6 9 5
Wert:8422: 7 8 6 9 5
Wert:16863: 7 8 6 9 5
Wert:19: 7 8 9 5 6
Wert:58: 7 8 9 5 6
Wert:126: 7 8 9 5 6
Wert:266: 7 8 9 5 6
Wert:549: 7 8 9 5 6
Wert:1117: 7 8 9 5 6
Wert:2254: 7 8 9 5 6
Wert:4518: 7 8 9 5 6
Wert:9050: 7 8 9 5 6
Wert:18117: 7 8 9 5 6
Wert:20: 7 8 9 6 5
Wert:56: 7 8 9 6 5
Wert:122: 7 8 9 6 5
Wert:258: 7 8 9 6 5
Wert:533: 7 8 9 6 5
Wert:1086: 7 8 9 6 5
Wert:2188: 7 8 9 6 5
Wert:4386: 7 8 9 6 5
Wert:8786: 7 8 9 6 5
Wert:17589: 7 8 9 6 5
Wert:16: 7 9 5 6 8
Wert:50: 7 9 5 6 8
Wert:110: 7 9 5 6 8
Wert:240: 7 9 5 6 8
Wert:493: 7 9 5 6 8
Wert:1002: 7 9 5 6 8
Wert:2022: 7 9 5 6 8
Wert:4054: 7 9 5 6 8
Wert:8128: 7 9 5 6 8
Wert:16269: 7 9 5 6 8
Wert:16: 7 9 5 8 6
Wert:52: 7 9 5 8 6
Wert:114: 7 9 5 8 6
Wert:245: 7 9 5 8 6
Wert:503: 7 9 5 8 6
Wert:1022: 7 9 5 8 6
Wert:2064: 7 9 5 8 6
Wert:4138: 7 9 5 8 6
Wert:8293: 7 9 5 8 6
Wert:16599: 7 9 5 8 6
Wert:17: 7 9 6 5 8
Wert:48: 7 9 6 5 8
Wert:106: 7 9 6 5 8
Wert:232: 7 9 6 5 8
Wert:477: 7 9 6 5 8
Wert:971: 7 9 6 5 8
Wert:1956: 7 9 6 5 8
Wert:3922: 7 9 6 5 8
Wert:7864: 7 9 6 5 8
Wert:15741: 7 9 6 5 8
Wert:20: 7 9 6 8 5
Wert:54: 7 9 6 8 5
Wert:118: 7 9 6 8 5
Wert:254: 7 9 6 8 5
Wert:521: 7 9 6 8 5
Wert:1062: 7 9 6 8 5
Wert:2138: 7 9 6 8 5
Wert:4286: 7 9 6 8 5
Wert:8590: 7 9 6 8 5
Wert:17193: 7 9 6 8 5
Wert:19: 7 9 8 5 6
Wert:58: 7 9 8 5 6
Wert:126: 7 9 8 5 6
Wert:267: 7 9 8 5 6
Wert:547: 7 9 8 5 6
Wert:1113: 7 9 8 5 6
Wert:2246: 7 9 8 5 6
Wert:4502: 7 9 8 5 6
Wert:9019: 7 9 8 5 6
Wert:18051: 7 9 8 5 6
Wert:20: 7 9 8 6 5
Wert:56: 7 9 8 6 5
Wert:122: 7 9 8 6 5
Wert:259: 7 9 8 6 5
Wert:531: 7 9 8 6 5
Wert:1082: 7 9 8 6 5
Wert:2180: 7 9 8 6 5
Wert:4370: 7 9 8 6 5
Wert:8755: 7 9 8 6 5
Wert:17523: 7 9 8 6 5
Wert:13: 8 5 6 7 9
Wert:42: 8 5 6 7 9
Wert:102: 8 5 6 7 9
Wert:214: 8 5 6 7 9
Wert:448: 8 5 6 7 9
Wert:909: 8 5 6 7 9
Wert:1834: 8 5 6 7 9
Wert:3686: 8 5 6 7 9
Wert:7382: 8 5 6 7 9
Wert:14784: 8 5 6 7 9
Wert:13: 8 5 6 9 7
Wert:42: 8 5 6 9 7
Wert:104: 8 5 6 9 7
Wert:218: 8 5 6 9 7
Wert:453: 8 5 6 9 7
Wert:919: 8 5 6 9 7
Wert:1854: 8 5 6 9 7
Wert:3728: 8 5 6 9 7
Wert:7466: 8 5 6 9 7
Wert:14949: 8 5 6 9 7
Wert:13: 8 5 7 6 9
Wert:43: 8 5 7 6 9
Wert:100: 8 5 7 6 9
Wert:210: 8 5 7 6 9
Wert:440: 8 5 7 6 9
Wert:893: 8 5 7 6 9
Wert:1803: 8 5 7 6 9
Wert:3620: 8 5 7 6 9
Wert:7250: 8 5 7 6 9
Wert:14520: 8 5 7 6 9
Wert:13: 8 5 7 9 6
Wert:46: 8 5 7 9 6
Wert:106: 8 5 7 9 6
Wert:222: 8 5 7 9 6
Wert:462: 8 5 7 9 6
Wert:937: 8 5 7 9 6
Wert:1894: 8 5 7 9 6
Wert:3802: 8 5 7 9 6
Wert:7614: 8 5 7 9 6
Wert:15246: 8 5 7 9 6
Wert:13: 8 5 9 6 7
Wert:45: 8 5 9 6 7
Wert:110: 8 5 9 6 7
Wert:230: 8 5 9 6 7
Wert:475: 8 5 9 6 7
Wert:963: 8 5 9 6 7
Wert:1945: 8 5 9 6 7
Wert:3910: 8 5 9 6 7
Wert:7830: 8 5 9 6 7
Wert:15675: 8 5 9 6 7
Wert:13: 8 5 9 7 6
Wert:46: 8 5 9 7 6
Wert:108: 8 5 9 7 6
Wert:226: 8 5 9 7 6
Wert:467: 8 5 9 7 6
Wert:947: 8 5 9 7 6
Wert:1914: 8 5 9 7 6
Wert:3844: 8 5 9 7 6
Wert:7698: 8 5 9 7 6
Wert:15411: 8 5 9 7 6
Wert:14: 8 6 5 7 9
Wert:40: 8 6 5 7 9
Wert:98: 8 6 5 7 9
Wert:206: 8 6 5 7 9
Wert:432: 8 6 5 7 9
Wert:878: 8 6 5 7 9
Wert:1768: 8 6 5 7 9
Wert:3554: 8 6 5 7 9
Wert:7118: 8 6 5 7 9
Wert:14256: 8 6 5 7 9
Wert:14: 8 6 5 9 7
Wert:40: 8 6 5 9 7
Wert:100: 8 6 5 9 7
Wert:210: 8 6 5 9 7
Wert:437: 8 6 5 9 7
Wert:888: 8 6 5 9 7
Wert:1788: 8 6 5 9 7
Wert:3596: 8 6 5 9 7
Wert:7202: 8 6 5 9 7
Wert:14421: 8 6 5 9 7
Wert:16: 8 6 7 5 9
Wert:44: 8 6 7 5 9
Wert:103: 8 6 7 5 9
Wert:216: 8 6 7 5 9
Wert:452: 8 6 7 5 9
Wert:920: 8 6 7 5 9
Wert:1852: 8 6 7 5 9
Wert:3719: 8 6 7 5 9
Wert:7448: 8 6 7 5 9
Wert:14916: 8 6 7 5 9
Wert:20: 8 6 7 9 5
Wert:52: 8 6 7 9 5
Wert:119: 8 6 7 9 5
Wert:248: 8 6 7 9 5
Wert:515: 8 6 7 9 5
Wert:1050: 8 6 7 9 5
Wert:2112: 8 6 7 9 5
Wert:4239: 8 6 7 9 5
Wert:8488: 8 6 7 9 5
Wert:16995: 8 6 7 9 5
Wert:18: 8 6 9 5 7
Wert:48: 8 6 9 5 7
Wert:116: 8 6 9 5 7
Wert:242: 8 6 9 5 7
Wert:500: 8 6 9 5 7
Wert:1018: 8 6 9 5 7
Wert:2048: 8 6 9 5 7
Wert:4116: 8 6 9 5 7
Wert:8242: 8 6 9 5 7
Wert:16500: 8 6 9 5 7
Wert:20: 8 6 9 7 5
Wert:52: 8 6 9 7 5
Wert:121: 8 6 9 7 5
Wert:252: 8 6 9 7 5
Wert:520: 8 6 9 7 5
Wert:1060: 8 6 9 7 5
Wert:2132: 8 6 9 7 5
Wert:4281: 8 6 9 7 5
Wert:8572: 8 6 9 7 5
Wert:17160: 8 6 9 7 5
Wert:15: 8 7 5 6 9
Wert:47: 8 7 5 6 9
Wert:105: 8 7 5 6 9
Wert:220: 8 7 5 6 9
Wert:460: 8 7 5 6 9
Wert:935: 8 7 5 6 9
Wert:1887: 8 7 5 6 9
Wert:3785: 8 7 5 6 9
Wert:7580: 8 7 5 6 9
Wert:15180: 8 7 5 6 9
Wert:15: 8 7 5 9 6
Wert:50: 8 7 5 9 6
Wert:111: 8 7 5 9 6
Wert:232: 8 7 5 9 6
Wert:482: 8 7 5 9 6
Wert:979: 8 7 5 9 6
Wert:1978: 8 7 5 9 6
Wert:3967: 8 7 5 9 6
Wert:7944: 8 7 5 9 6
Wert:15906: 8 7 5 9 6
Wert:16: 8 7 6 5 9
Wert:45: 8 7 6 5 9
Wert:101: 8 7 6 5 9
Wert:212: 8 7 6 5 9
Wert:444: 8 7 6 5 9
Wert:904: 8 7 6 5 9
Wert:1821: 8 7 6 5 9
Wert:3653: 8 7 6 5 9
Wert:7316: 8 7 6 5 9
Wert:14652: 8 7 6 5 9
Wert:20: 8 7 6 9 5
Wert:53: 8 7 6 9 5
Wert:117: 8 7 6 9 5
Wert:244: 8 7 6 9 5
Wert:507: 8 7 6 9 5
Wert:1034: 8 7 6 9 5
Wert:2081: 8 7 6 9 5
Wert:4173: 8 7 6 9 5
Wert:8356: 8 7 6 9 5
Wert:16731: 8 7 6 9 5
Wert:19: 8 7 9 5 6
Wert:58: 8 7 9 5 6
Wert:127: 8 7 9 5 6
Wert:264: 8 7 9 5 6
Wert:545: 8 7 9 5 6
Wert:1109: 8 7 9 5 6
Wert:2238: 8 7 9 5 6
Wert:4487: 8 7 9 5 6
Wert:8984: 8 7 9 5 6
Wert:17985: 8 7 9 5 6
Wert:20: 8 7 9 6 5
Wert:56: 8 7 9 6 5
Wert:123: 8 7 9 6 5
Wert:256: 8 7 9 6 5
Wert:529: 8 7 9 6 5
Wert:1078: 8 7 9 6 5
Wert:2172: 8 7 9 6 5
Wert:4355: 8 7 9 6 5
Wert:8720: 8 7 9 6 5
Wert:17457: 8 7 9 6 5
Wert:17: 8 9 5 6 7
Wert:53: 8 9 5 6 7
Wert:126: 8 9 5 6 7
Wert:262: 8 9 5 6 7
Wert:538: 8 9 5 6 7
Wert:1093: 8 9 5 6 7
Wert:2205: 8 9 5 6 7
Wert:4430: 8 9 5 6 7
Wert:8870: 8 9 5 6 7
Wert:17754: 8 9 5 6 7
Wert:17: 8 9 5 7 6
Wert:54: 8 9 5 7 6
Wert:124: 8 9 5 7 6
Wert:258: 8 9 5 7 6
Wert:530: 8 9 5 7 6
Wert:1077: 8 9 5 7 6
Wert:2174: 8 9 5 7 6
Wert:4364: 8 9 5 7 6
Wert:8738: 8 9 5 7 6
Wert:17490: 8 9 5 7 6
Wert:18: 8 9 6 5 7
Wert:51: 8 9 6 5 7
Wert:122: 8 9 6 5 7
Wert:254: 8 9 6 5 7
Wert:522: 8 9 6 5 7
Wert:1062: 8 9 6 5 7
Wert:2139: 8 9 6 5 7
Wert:4298: 8 9 6 5 7
Wert:8606: 8 9 6 5 7
Wert:17226: 8 9 6 5 7
Wert:20: 8 9 6 7 5
Wert:55: 8 9 6 7 5
Wert:127: 8 9 6 7 5
Wert:264: 8 9 6 7 5
Wert:542: 8 9 6 7 5
Wert:1104: 8 9 6 7 5
Wert:2223: 8 9 6 7 5
Wert:4463: 8 9 6 7 5
Wert:8936: 8 9 6 7 5
Wert:17886: 8 9 6 7 5
Wert:19: 8 9 7 5 6
Wert:58: 8 9 7 5 6
Wert:129: 8 9 7 5 6
Wert:268: 8 9 7 5 6
Wert:550: 8 9 7 5 6
Wert:1119: 8 9 7 5 6
Wert:2258: 8 9 7 5 6
Wert:4529: 8 9 7 5 6
Wert:9068: 8 9 7 5 6
Wert:18150: 8 9 7 5 6
Wert:20: 8 9 7 6 5
Wert:56: 8 9 7 6 5
Wert:125: 8 9 7 6 5
Wert:260: 8 9 7 6 5
Wert:534: 8 9 7 6 5
Wert:1088: 8 9 7 6 5
Wert:2192: 8 9 7 6 5
Wert:4397: 8 9 7 6 5
Wert:8804: 8 9 7 6 5
Wert:17622: 8 9 7 6 5
Wert:14: 9 5 6 7 8
Wert:45: 9 5 6 7 8
Wert:109: 9 5 6 7 8
Wert:238: 9 5 6 7 8
Wert:486: 9 5 6 7 8
Wert:986: 9 5 6 7 8
Wert:1989: 9 5 6 7 8
Wert:3997: 9 5 6 7 8
Wert:8014: 9 5 6 7 8
Wert:16038: 9 5 6 7 8
Wert:14: 9 5 6 8 7
Wert:45: 9 5 6 8 7
Wert:110: 9 5 6 8 7
Wert:236: 9 5 6 8 7
Wert:482: 9 5 6 8 7
Wert:978: 9 5 6 8 7
Wert:1973: 9 5 6 8 7
Wert:3966: 9 5 6 8 7
Wert:7948: 9 5 6 8 7
Wert:15906: 9 5 6 8 7
Wert:14: 9 5 7 6 8
Wert:46: 9 5 7 6 8
Wert:107: 9 5 7 6 8
Wert:234: 9 5 7 6 8
Wert:478: 9 5 7 6 8
Wert:970: 9 5 7 6 8
Wert:1958: 9 5 7 6 8
Wert:3931: 9 5 7 6 8
Wert:7882: 9 5 7 6 8
Wert:15774: 9 5 7 6 8
Wert:14: 9 5 7 8 6
Wert:48: 9 5 7 8 6
Wert:111: 9 5 7 8 6
Wert:239: 9 5 7 8 6
Wert:488: 9 5 7 8 6
Wert:990: 9 5 7 8 6
Wert:2000: 9 5 7 8 6
Wert:4015: 9 5 7 8 6
Wert:8047: 9 5 7 8 6
Wert:16104: 9 5 7 8 6
Wert:14: 9 5 8 6 7
Wert:47: 9 5 8 6 7
Wert:114: 9 5 8 6 7
Wert:241: 9 5 8 6 7
Wert:492: 9 5 8 6 7
Wert:998: 9 5 8 6 7
Wert:2015: 9 5 8 6 7
Wert:4050: 9 5 8 6 7
Wert:8113: 9 5 8 6 7
Wert:16236: 9 5 8 6 7
Wert:14: 9 5 8 7 6
Wert:48: 9 5 8 7 6
Wert:112: 9 5 8 7 6
Wert:237: 9 5 8 7 6
Wert:484: 9 5 8 7 6
Wert:982: 9 5 8 7 6
Wert:1984: 9 5 8 7 6
Wert:3984: 9 5 8 7 6
Wert:7981: 9 5 8 7 6
Wert:15972: 9 5 8 7 6
Wert:15: 9 6 5 7 8
Wert:43: 9 6 5 7 8
Wert:105: 9 6 5 7 8
Wert:230: 9 6 5 7 8
Wert:470: 9 6 5 7 8
Wert:955: 9 6 5 7 8
Wert:1923: 9 6 5 7 8
Wert:3865: 9 6 5 7 8
Wert:7750: 9 6 5 7 8
Wert:15510: 9 6 5 7 8
Wert:15: 9 6 5 8 7
Wert:43: 9 6 5 8 7
Wert:106: 9 6 5 8 7
Wert:228: 9 6 5 8 7
Wert:466: 9 6 5 8 7
Wert:947: 9 6 5 8 7
Wert:1907: 9 6 5 8 7
Wert:3834: 9 6 5 8 7
Wert:7684: 9 6 5 8 7
Wert:15378: 9 6 5 8 7
Wert:17: 9 6 7 5 8
Wert:47: 9 6 7 5 8
Wert:110: 9 6 7 5 8
Wert:240: 9 6 7 5 8
Wert:490: 9 6 7 5 8
Wert:997: 9 6 7 5 8
Wert:2007: 9 6 7 5 8
Wert:4030: 9 6 7 5 8
Wert:8080: 9 6 7 5 8
Wert:16170: 9 6 7 5 8
Wert:20: 9 6 7 8 5
Wert:53: 9 6 7 8 5
Wert:122: 9 6 7 8 5
Wert:262: 9 6 7 8 5
Wert:534: 9 6 7 8 5
Wert:1088: 9 6 7 8 5
Wert:2189: 9 6 7 8 5
Wert:4394: 9 6 7 8 5
Wert:8806: 9 6 7 8 5
Wert:17622: 9 6 7 8 5
Wert:18: 9 6 8 5 7
Wert:49: 9 6 8 5 7
Wert:118: 9 6 8 5 7
Wert:250: 9 6 8 5 7
Wert:510: 9 6 8 5 7
Wert:1038: 9 6 8 5 7
Wert:2089: 9 6 8 5 7
Wert:4198: 9 6 8 5 7
Wert:8410: 9 6 8 5 7
Wert:16830: 9 6 8 5 7
Wert:20: 9 6 8 7 5
Wert:53: 9 6 8 7 5
Wert:123: 9 6 8 7 5
Wert:260: 9 6 8 7 5
Wert:530: 9 6 8 7 5
Wert:1080: 9 6 8 7 5
Wert:2173: 9 6 8 7 5
Wert:4363: 9 6 8 7 5
Wert:8740: 9 6 8 7 5
Wert:17490: 9 6 8 7 5
Wert:16: 9 7 5 6 8
Wert:50: 9 7 5 6 8
Wert:112: 9 7 5 6 8
Wert:244: 9 7 5 6 8
Wert:498: 9 7 5 6 8
Wert:1012: 9 7 5 6 8
Wert:2042: 9 7 5 6 8
Wert:4096: 9 7 5 6 8
Wert:8212: 9 7 5 6 8
Wert:16434: 9 7 5 6 8
Wert:16: 9 7 5 8 6
Wert:52: 9 7 5 8 6
Wert:116: 9 7 5 8 6
Wert:249: 9 7 5 8 6
Wert:508: 9 7 5 8 6
Wert:1032: 9 7 5 8 6
Wert:2084: 9 7 5 8 6
Wert:4180: 9 7 5 8 6
Wert:8377: 9 7 5 8 6
Wert:16764: 9 7 5 8 6
Wert:17: 9 7 6 5 8
Wert:48: 9 7 6 5 8
Wert:108: 9 7 6 5 8
Wert:236: 9 7 6 5 8
Wert:482: 9 7 6 5 8
Wert:981: 9 7 6 5 8
Wert:1976: 9 7 6 5 8
Wert:3964: 9 7 6 5 8
Wert:7948: 9 7 6 5 8
Wert:15906: 9 7 6 5 8
Wert:20: 9 7 6 8 5
Wert:54: 9 7 6 8 5
Wert:120: 9 7 6 8 5
Wert:258: 9 7 6 8 5
Wert:526: 9 7 6 8 5
Wert:1072: 9 7 6 8 5
Wert:2158: 9 7 6 8 5
Wert:4328: 9 7 6 8 5
Wert:8674: 9 7 6 8 5
Wert:17358: 9 7 6 8 5
Wert:19: 9 7 8 5 6
Wert:58: 9 7 8 5 6
Wert:128: 9 7 8 5 6
Wert:271: 9 7 8 5 6
Wert:552: 9 7 8 5 6
Wert:1123: 9 7 8 5 6
Wert:2266: 9 7 8 5 6
Wert:4544: 9 7 8 5 6
Wert:9103: 9 7 8 5 6
Wert:18216: 9 7 8 5 6
Wert:20: 9 7 8 6 5
Wert:56: 9 7 8 6 5
Wert:124: 9 7 8 6 5
Wert:263: 9 7 8 6 5
Wert:536: 9 7 8 6 5
Wert:1092: 9 7 8 6 5
Wert:2200: 9 7 8 6 5
Wert:4412: 9 7 8 6 5
Wert:8839: 9 7 8 6 5
Wert:17688: 9 7 8 6 5
Wert:17: 9 8 5 6 7
Wert:53: 9 8 5 6 7
Wert:126: 9 8 5 6 7
Wert:263: 9 8 5 6 7
Wert:536: 9 8 5 6 7
Wert:1089: 9 8 5 6 7
Wert:2197: 9 8 5 6 7
Wert:4414: 9 8 5 6 7
Wert:8839: 9 8 5 6 7
Wert:17688: 9 8 5 6 7
Wert:17: 9 8 5 7 6
Wert:54: 9 8 5 7 6
Wert:124: 9 8 5 7 6
Wert:259: 9 8 5 7 6
Wert:528: 9 8 5 7 6
Wert:1073: 9 8 5 7 6
Wert:2166: 9 8 5 7 6
Wert:4348: 9 8 5 7 6
Wert:8707: 9 8 5 7 6
Wert:17424: 9 8 5 7 6
Wert:18: 9 8 6 5 7
Wert:51: 9 8 6 5 7
Wert:122: 9 8 6 5 7
Wert:255: 9 8 6 5 7
Wert:520: 9 8 6 5 7
Wert:1058: 9 8 6 5 7
Wert:2131: 9 8 6 5 7
Wert:4282: 9 8 6 5 7
Wert:8575: 9 8 6 5 7
Wert:17160: 9 8 6 5 7
Wert:20: 9 8 6 7 5
Wert:55: 9 8 6 7 5
Wert:127: 9 8 6 7 5
Wert:265: 9 8 6 7 5
Wert:540: 9 8 6 7 5
Wert:1100: 9 8 6 7 5
Wert:2215: 9 8 6 7 5
Wert:4447: 9 8 6 7 5
Wert:8905: 9 8 6 7 5
Wert:17820: 9 8 6 7 5
Wert:19: 9 8 7 5 6
Wert:58: 9 8 7 5 6
Wert:129: 9 8 7 5 6
Wert:269: 9 8 7 5 6
Wert:548: 9 8 7 5 6
Wert:1115: 9 8 7 5 6
Wert:2250: 9 8 7 5 6
Wert:4513: 9 8 7 5 6
Wert:9037: 9 8 7 5 6
Wert:18084: 9 8 7 5 6
Wert:20: 9 8 7 6 5
Wert:56: 9 8 7 6 5
Wert:125: 9 8 7 6 5
Wert:261: 9 8 7 6 5
Wert:532: 9 8 7 6 5
Wert:1084: 9 8 7 6 5
Wert:2184: 9 8 7 6 5
Wert:4381: 9 8 7 6 5
Wert:8773: 9 8 7 6 5
17160
